==================================================
            WAVEFORM ANALYSIS REPORT
==================================================
Source File: 20251015_174024_waveform.csv
Generated on: 2025-10-15 17:41:15

--------------------------------------------------
                 CHANNEL METRICS
--------------------------------------------------

--- Channel: Voltage (V) ---
  Voltage Levels:
    - V_high     : 0.2000 V
    - V_low      : 0.0000 V
    - V_amplitude: 0.2000 V


--------------------------------------------------
                   SKEW METRICS
--------------------------------------------------

  Error: Reference channel not found


--------------------------------------------------
           [ RAW EDGE TIMESTAMPS (s) ]
--------------------------------------------------
# 各エッジが振幅の50%を通過した時刻 [秒] のリストです。

--- Channel: Voltage (V) ---
  Rising Edges  : [ -0.0238700, -0.0237900, -0.0233500, -0.0232500, -0.0230900, -0.0230300, -0.0229500, -0.0228500, -0.0226700, -0.0225900, -0.0223300, -0.0222500, -0.0219900, -0.0219500, -0.0218100, -0.0217700, -0.0217300, -0.0215300, -0.0208500, -0.0207300, -0.0206700, -0.0205500, -0.0204300, -0.0202500, -0.0197700, -0.0196100, -0.0192500, -0.0191300, -0.0189700, -0.0189100, -0.0187900, -0.0186900, -0.0185900, -0.0184900, -0.0183500, -0.0181500, -0.0177500, -0.0174900, -0.0174500, -0.0173300, -0.0171900, -0.0170300, -0.0169900, -0.0168900, -0.0168300, -0.0166900, -0.0166500, -0.0166100, -0.0165300, -0.0162300, -0.0161100, -0.0159700, -0.0157500, -0.0155900, -0.0154900, -0.0153300, -0.0152500, -0.0151500, -0.0148300, -0.0147500, -0.0146900, -0.0144100, -0.0142500, -0.0137300, -0.0135500, -0.0134500, -0.0133700, -0.0129300, -0.0127300, -0.0126900, -0.0126500, -0.0126100, -0.0124700, -0.0124300, -0.0121300, -0.0118300, -0.0117700, -0.0116500, -0.0115100, -0.0113700, -0.0111900, -0.0111300, -0.0110900, -0.0108700, -0.0107700, -0.0107100, -0.0104100, -0.0101900, -0.0100900, -0.0100300, -0.0099500, -0.0098700, -0.0098100, -0.0097700, -0.0092300, -0.0091700, -0.0090500, -0.0088500, -0.0086900, -0.0083900, -0.0083100, -0.0081100, -0.0080300, -0.0079700, -0.0076300, -0.0075900, -0.0073900, -0.0072300, -0.0066500, -0.0065100, -0.0064100, -0.0061300, -0.0060900, -0.0058700, -0.0056900, -0.0053900, -0.0052500, -0.0051300, -0.0049900, -0.0049300, -0.0048500, -0.0046300, -0.0043700, -0.0040500, -0.0040100, -0.0039700, -0.0037500, -0.0036700, -0.0036300, -0.0035900, -0.0035300, -0.0033100, -0.0025700, -0.0021900, -0.0020700, -0.0020300, -0.0019700, -0.0018500, -0.0015100, -0.0014700, -0.0012900, -0.0008900, -0.0007500, -0.0005900, -0.0003300, -0.0002300, -0.0000500, 0.0001100, 0.0001500, 0.0003500, 0.0005500, 0.0005900, 0.0006500, 0.0007100, 0.0008300, 0.0008700, 0.0011100, 0.0011500, 0.0011900, 0.0013100, 0.0015700, 0.0016300, 0.0021100, 0.0021700, 0.0023500, 0.0025300, 0.0025900, 0.0026700, 0.0027900, 0.0028300, 0.0028700, 0.0030900, 0.0032300, 0.0033300, 0.0033900, 0.0034500, 0.0035300, 0.0036300, 0.0036700, 0.0038700, 0.0039300, 0.0041700, 0.0042100, 0.0042500, 0.0043300, 0.0046500, 0.0047300, 0.0047700, 0.0049100, 0.0050700, 0.0051700, 0.0053900, 0.0056700, 0.0060300, 0.0062700, 0.0064900, 0.0065500, 0.0065900, 0.0067500, 0.0068700, 0.0069700, 0.0070100, 0.0072100, 0.0072700, 0.0073700, 0.0074900, 0.0078100, 0.0078700, 0.0079500, 0.0080300, 0.0082900, 0.0083500, 0.0086100, 0.0087900, 0.0091300, 0.0092100, 0.0095500, 0.0098100, 0.0100100, 0.0101900, 0.0102500, 0.0103100, 0.0103700, 0.0104500, 0.0105700, 0.0106100, 0.0108500, 0.0109100, 0.0109500, 0.0110100, 0.0110500, 0.0112300, 0.0114300, 0.0115700, 0.0116900, 0.0117700, 0.0118300, 0.0121300, 0.0126300, 0.0130700, 0.0131500, 0.0134900, 0.0139500, 0.0145500, 0.0146500, 0.0146900, 0.0148500, 0.0149300, 0.0150300, 0.0151100, 0.0151900, 0.0152500, 0.0153100, 0.0154700, 0.0155700, 0.0156300, 0.0157100, 0.0158500, 0.0161100, 0.0162500, 0.0163900, 0.0164500, 0.0167100, 0.0168900, 0.0170100, 0.0171700, 0.0172700, 0.0174300, 0.0176100, 0.0177100, 0.0181700, 0.0182900, 0.0185100, 0.0185900, 0.0188300, 0.0190500, 0.0192300, 0.0194100, 0.0195100, 0.0198300, 0.0198700, 0.0200500, 0.0201500, 0.0202700, 0.0204300, 0.0205300, 0.0207900, 0.0208300, 0.0209300, 0.0211700, 0.0212900, 0.0214100, 0.0215900, 0.0217300, 0.0221700, 0.0223300, 0.0224700, 0.0225900, 0.0227100, 0.0227700, 0.0229700, 0.0234700, 0.0237500, 0.0238300, 0.0240300, 0.0241100, 0.0242300, 0.0243300, 0.0243900, 0.0245300, 0.0247700, 0.0248300, 0.0250500, 0.0255500, 0.0257100, 0.0258500 ]
  Falling Edges : [ -0.0238900, -0.0238100, -0.0233700, -0.0232700, -0.0231100, -0.0230500, -0.0229700, -0.0228700, -0.0226900, -0.0226100, -0.0223500, -0.0222700, -0.0220100, -0.0219700, -0.0218300, -0.0217900, -0.0217500, -0.0215500, -0.0208700, -0.0207500, -0.0206900, -0.0205900, -0.0204500, -0.0202700, -0.0197900, -0.0196300, -0.0192900, -0.0191500, -0.0189900, -0.0189300, -0.0188100, -0.0187300, -0.0186100, -0.0185100, -0.0183700, -0.0181700, -0.0177700, -0.0175300, -0.0174700, -0.0173500, -0.0172500, -0.0170500, -0.0170100, -0.0169100, -0.0168500, -0.0167300, -0.0166700, -0.0166300, -0.0165500, -0.0162500, -0.0161300, -0.0159900, -0.0157900, -0.0156100, -0.0155100, -0.0153500, -0.0152700, -0.0151900, -0.0148500, -0.0147900, -0.0147100, -0.0144300, -0.0142900, -0.0137500, -0.0135700, -0.0134700, -0.0134300, -0.0129500, -0.0127500, -0.0127100, -0.0126700, -0.0126300, -0.0125100, -0.0124500, -0.0121500, -0.0118500, -0.0118100, -0.0116700, -0.0115300, -0.0113900, -0.0112100, -0.0111500, -0.0111100, -0.0108900, -0.0107900, -0.0107300, -0.0104300, -0.0102300, -0.0101300, -0.0100700, -0.0099900, -0.0099100, -0.0098300, -0.0097900, -0.0092500, -0.0092100, -0.0090700, -0.0088900, -0.0087100, -0.0084100, -0.0083500, -0.0081500, -0.0080500, -0.0079900, -0.0076500, -0.0076100, -0.0074100, -0.0072500, -0.0066700, -0.0065300, -0.0064300, -0.0061700, -0.0061100, -0.0059100, -0.0057100, -0.0054100, -0.0052700, -0.0051700, -0.0050100, -0.0049700, -0.0048700, -0.0046500, -0.0043900, -0.0040700, -0.0040300, -0.0039900, -0.0037700, -0.0037100, -0.0036500, -0.0036100, -0.0035500, -0.0033300, -0.0025900, -0.0022100, -0.0020900, -0.0020500, -0.0019900, -0.0018700, -0.0015300, -0.0014900, -0.0013100, -0.0009100, -0.0007700, -0.0006100, -0.0003500, -0.0002700, -0.0000900, 0.0000900, 0.0001300, 0.0003300, 0.0005300, 0.0005700, 0.0006300, 0.0006700, 0.0008100, 0.0008500, 0.0010900, 0.0011300, 0.0011700, 0.0012700, 0.0015500, 0.0016100, 0.0020900, 0.0021500, 0.0023100, 0.0025100, 0.0025700, 0.0026500, 0.0027700, 0.0028100, 0.0028500, 0.0030300, 0.0031900, 0.0033100, 0.0033700, 0.0034300, 0.0035100, 0.0036100, 0.0036500, 0.0038500, 0.0038900, 0.0041500, 0.0041900, 0.0042300, 0.0043100, 0.0046300, 0.0047100, 0.0047500, 0.0048900, 0.0050500, 0.0051500, 0.0053700, 0.0056300, 0.0060100, 0.0062500, 0.0064700, 0.0065300, 0.0065700, 0.0066900, 0.0068500, 0.0069500, 0.0069900, 0.0071900, 0.0072500, 0.0073500, 0.0074700, 0.0077900, 0.0078500, 0.0079100, 0.0080100, 0.0082500, 0.0083300, 0.0085900, 0.0087700, 0.0091100, 0.0091900, 0.0095100, 0.0097900, 0.0099900, 0.0101700, 0.0102300, 0.0102700, 0.0103500, 0.0104300, 0.0105300, 0.0105900, 0.0108300, 0.0108700, 0.0109300, 0.0109700, 0.0110300, 0.0112100, 0.0113900, 0.0115500, 0.0116700, 0.0117500, 0.0118100, 0.0121100, 0.0126100, 0.0130500, 0.0131300, 0.0134700, 0.0139300, 0.0145300, 0.0146300, 0.0146700, 0.0148300, 0.0149100, 0.0150100, 0.0150900, 0.0151700, 0.0152300, 0.0152900, 0.0154500, 0.0155500, 0.0156100, 0.0156900, 0.0158300, 0.0160900, 0.0162300, 0.0163700, 0.0164300, 0.0166700, 0.0168700, 0.0169900, 0.0171500, 0.0172500, 0.0174100, 0.0175900, 0.0176900, 0.0181500, 0.0182300, 0.0184900, 0.0185700, 0.0188100, 0.0190300, 0.0192100, 0.0193900, 0.0194900, 0.0197900, 0.0198500, 0.0200100, 0.0201300, 0.0202300, 0.0204100, 0.0205100, 0.0207700, 0.0208100, 0.0209100, 0.0211500, 0.0212700, 0.0213900, 0.0215700, 0.0216900, 0.0221500, 0.0223100, 0.0224500, 0.0225700, 0.0226900, 0.0227500, 0.0229300, 0.0234500, 0.0237300, 0.0238100, 0.0240100, 0.0240700, 0.0242100, 0.0243100, 0.0243700, 0.0245100, 0.0247500, 0.0248100, 0.0250300, 0.0255300, 0.0256900, 0.0258300 ]


==================================================
             END OF REPORT
==================================================
